00110010        11101000
00110001        11100111
00110000        11110111
00101111        11100100
00101110        11110100
00101101        11110011
00101100        11100001
00101011        11110001
00101010        11101111
00101001        11101110
00101000        11111110
00100111        11111101
00100110        11101011
00100101        11101010
00100110        11101011
00100101        11101010
00100100        11111010
00100011        11101000
00100010        11111000
00100001        11110111
00100000        11100101
00011111        11100011
00011110        11110011
00011101        11110010
00011100        11100000
00011011        11110000
00011010        11101110
00011001        11101101
00011000        11111101
00010111        11111100
00010110        11101010
00010101        11101001
00010100        11111001
00010011        11100111
00010010        11110111
00010001        11110110
00010000        11100100
00010001        11110110
00010000        11100100
00001111        11110011
00001110        11100001
00001101        11100000
00001100        11110000
00001101        11100000
00001100        11110000
00001011        11101110
00001010        11111110
00001001        11111101
00001000        11101011
00000111        11101010
00001000        11101011
00000111        11101010
00000110        11111010
00000111        11101010
00000110        11111010
00000101        11111001
00000100        11100111
00000011        11110111
00000010        11100101
00000001        11100100
00000000        11110100
11111111        10101101
11111110        10111101
11111101        10111100
11111100        10101010
11111011        10111010
11111010        10101000
11111001        10100111
11111000        10110111
11110111        10110110
11110110        10100100
11110101        10100011
11110100        10110011
11110011        10100001
11110010        10110001
11110001        10110000
11110000        10101110
11101111        10111101
11101110        10101011
11101011        10101000
11101010        10111000
11101001        10110111
11101000        10100101
11100111        10100100
11100110        10110100
11100101        10110011
11100100        10100001
11100101        10110011
11101000        10100101
11100100        10100001
11101000        10100101
11100101        10110011
11100111        10100100
11101010        10111000
11100000        10111110
11100101        10110011
01011000        11100000
01011011        11100011
